1000
10000
10001
10003
10005
10030
10035
1010
10162
102
1022
1023
1024
10243
1025
10250
10255
1026
1027
10332
10333
104
1042
10443
10554
1080
1099
11
110
11001
111
11211
113
11300
11310
11371
1177
119
1194
11965
1200
12000
1201
121
1212
1214
123
12300
1234
12345
1241
1248
1260
1290
12999
13
1302
1311
1314
1344
135
13579
13666
137
13720
13722
138
139
1400
14000
14147
14265
143
1433
1434
1443
14443
14534
1471
1494
15
15000
1503
1505
1515
1521
1554
15672
1583
1588
16000
16010
16030
1604
161
1610
162
1645
16922
16923
16992
16993
17
17000
1701
17185
1720
1723
1741
175
177
1777
179
17988
18000
18001
18080
18081
18086
1812
18245
18246
18264
1830
1863
1880
1883
19
1900
1901
1911
19150
1935
1947
1962
1967
19888
199
1991
1993
19999
20
2000
20000
2001
2002
2010
2020
2022
2030
20332
2049
2051
2052
2053
20547
2055
2064
2077
2080
2082
2083
2086
2087
20880
2094
2095
2096
21
2100
211
2121
2123
2152
2154
2160
2181
22
22105
2222
22222
2223
22335
2252
23
23023
2306
2323
2332
23424
2375
2376
2379
2396
2401
2404
2406
2424
2425
2427
2443
2455
2480
25
25000
2501
25010
25105
2525
25565
26
2600
2601
2604
26214
2628
2638
264
26470
27015
27016
27017
27019
27080
2715
280
28017
28080
2809
2869
28784
29876
29999
30
3000
30001
3001
3002
3005
30310
30311
30312
30313
3050
3052
30718
3075
3097
31
311
3128
31337
32
32400
3260
32768
32770
32771
32773
3280
3283
3288
3299
3306
3307
3310
3311
3312
3333
33338
3337
3351
3352
3372
33848
3388
3389
33890
3390
3391
3443
34567
34599
3460
3478
34962
34963
34964
3520
3522
3523
3524
3525
3528
3531
3541
3542
36
3671
3689
3690
37
3702
37215
3749
37777
3780
3784
3790
38
389
391
4000
40000
40001
4022
4040
4050
4063
4064
4070
4155
41795
427
42873
43
4300
4369
44158
443
4430
4433
444
4440
4443
4444
445
44818
449
4500
4505
4506
45554
4567
465
4660
4664
4711
4712
4730
47808
4782
4786
4800
4840
4842
4848
4880
48899
49
4911
49151
49152
49153
49154
49155
4949
500
5000
50000
5001
5002
5003
5004
5005
50050
5006
50060
5007
50070
50075
5008
5009
50090
5010
50100
50111
502
503
5038
505
5050
5051
5060
5061
5080
5084
5093
5094
5095
51
51106
5111
512
515
520
5222
523
5258
5269
5280
52869
53
5351
5353
5357
540
5400
5427
5432
5433
5443
548
554
55442
5550
5554
5555
55553
55555
5560
5577
5598
5601
5631
5632
564
5672
5673
5678
5683
5800
5801
5802
5820
587
5900
5901
5902
5903
59110
5938
5984
5985
5986
6000
60001
6001
60010
6002
6003
60030
6004
6005
6006
6007
6008
6009
6010
60443
6060
6068
6080
6082
6103
61613
61616
620
62078
623
626
631
6346
636
6363
6379
6389
6443
646
64738
6488
6544
6560
6565
6581
6588
6590
6600
666
6664
6665
6666
6667
6668
6669
6697
6699
67
6780
6782
6881
69
6969
6998
7
70
7000
7001
7002
7003
7004
7005
7007
7010
7014
705
7070
7071
7077
7080
7100
7144
7145
7170
7171
7180
7187
7199
7272
7288
7401
7402
7443
7474
7479
7493
7537
7547
7548
7634
7657
7676
771
777
7776
7777
7778
7779
7780
7788
789
79
7911
80
800
8000
8001
8002
8003
8004
8005
8006
8007
8008
8009
801
8010
8020
8025
8030
8040
8058
8060
8069
808
8080
8081
8082
8083
8084
8085
8086
8087
8088
8089
8090
8091
8092
8093
8094
8095
8096
8097
8098
8099
81
8111
8112
8118
8123
8125
8126
8129
8138
8139
8140
8159
8161
8181
8182
8194
82
8200
8222
8291
83
8332
8333
8334
8351
8377
8378
8388
84
8443
8444
8471
8480
85
8500
8529
853
8545
8546
8554
86
8649
8686
87
873
876
8765
88
880
8800
8834
888
8880
8881
8882
8883
8884
8885
8886
8887
8888
8889
8890
8899
89
898
8983
8999
900
9000
9001
9002
9003
9004
9005
9006
9007
9008
9009
901
9010
902
9030
9042
9050
9051
9080
9083
9090
9091
9092
9100
9151
9160
9191
9200
9292
9295
9300
9306
9333
9334
9418
9443
9444
9446
9471
9527
9530
9595
9600
9653
9668
9700
9711
98
9801
9864
9869
9870
9876
990
992
993
994
9943
9944
995
9981
999
9997
9999
